=== Matrix inversion using adjoint method ===
==================================================

Original Matrix:
    1.000000    2.000000    3.000000
    0.000000    1.000000    4.000000
    5.000000    6.000000    0.000000

Determinant: 1.000000

Adjoint Matrix:
  -24.000000   18.000000    5.000000
   20.000000  -15.000000   -4.000000
   -5.000000    4.000000    1.000000

Inverse Matrix:
  -24.000000   18.000000    5.000000
   20.000000  -15.000000   -4.000000
   -5.000000    4.000000    1.000000

Verification (A * A^-1):
    1.000000    0.000000    0.000000
    0.000000    1.000000    0.000000
    0.000000    0.000000    1.000000

==================================================
