---Runge-Kutta Method---
x1 = 0.000000   y1 = 1.000000
x2 = 0.100000   y2 = 1.115512
x3 = 0.200000   y3 = 1.264208
x4 = 0.300000   y4 = 1.449575
x5 = 0.400000   y5 = 1.675473
x6 = 0.500000   y6 = 1.946162
